  -0.0  0.0  0.0  -0.0  -0.0  -0.0  -0.0  -0.0  0.0  0.0  -0.0  0.0  -0.0  -0.0  0.0  -0.0  0.0  -0.0  -0.0  -0.0  0.0  0.0  -0.0  -0.0  -0.0  -0.0
26 6:14:2
  -0.0  0.0  0.0  -0.0  -0.0  -0.0  0.0  0.0  0.0  -0.0  -0.0  0.0  -0.0  -0.0  0.0  -0.0  0.0  0.0  -0.0  -0.0  -0.0  -0.0  -0.0  -0.0  0.0  -0.0
26 6:14:2
  -0.0  0.0  0.0  -0.0  -0.0  -0.0  0.0  -0.0  0.0  -0.0  0.0  0.0  0.0  0.0  0.0  -0.0  -0.0  -0.0  -0.0  -0.0  -0.0  -0.0  -0.0  -0.0  0.0  -0.0
26 6:14:2
  0.0  0.0  0.0  -0.0  -0.0  -0.0  -0.0  -0.0  0.0  -0.0  0.0  0.0  -0.0  0.0  0.0  -0.0  0.0  0.0  -0.0  -0.0  0.0  -0.0  -0.0  -0.0  -0.0  0.0
26 6:14:3
  0.0  0.0  0.0  -0.0  -0.0  -0.0  -0.0  -0.0  0.0  -0.0  0.0  0.0  -0.0  -0.0  0.0  -0.0  0.0  0.0  -0.0  0.0  0.0  0.0  -0.0  -0.0  0.0  -0.0
26 6:14:3
  0.0  0.0  0.0  -0.0  -0.0  -0.0  0.0  0.0  0.0  0.0  0.0  0.0  -0.0  0.0  -0.0  -0.0  0.0  0.0  -0.0  -0.0  0.0  -0.0  -0.0  -0.0  -0.0  -0.0
26 6:14:3
  0.0  0.0  0.0  -0.0  -0.0  -0.0  -0.0  0.0  0.0  0.0  0.0  0.0  -0.0  -0.0  0.0  -0.0  0.0  -0.0  0.0  -0.0  0.0  -0.0  -0.0  -0.0  -0.0  0.0
26 6:14:4
  0.0  0.0  0.0  -0.0  -0.0  -0.0  -0.0  -0.0  0.0  -0.0  -0.0  0.0  -0.0  0.0  0.0  -0.0  0.0  0.0  -0.0  -0.0  0.0  -0.0  -0.0  -0.0  0.0  -0.0
26 6:14:4
  0.0  0.0  0.0  -0.0  -0.0  -0.0  -0.0  -0.0  0.0  -0.0  0.0  0.0  -0.0  -0.0  0.0  -0.0  -0.0  -0.0  -0.0  -0.0  0.0  -0.0  -0.0  -0.0  0.0  -0.0
26 6:14:4
  0.0  0.0  0.0  -0.0  -0.0  -0.0  -0.0  -0.0  0.0  -0.0  0.0  0.0  -0.0  0.0  0.0  -0.0  0.0  0.0  -0.0  -0.0  0.0  -0.0  -0.0  -0.0  -0.0  -0.0
26 6:14:5
  -0.0  0.0  0.0  -0.0  -0.0  -0.0  -0.0  -0.0  0.0  -0.0  -0.0  0.0  -0.0  -0.0  -0.0  -0.0  0.1  0.0  -0.0  -0.0  0.0  0.0  -0.0  -0.0  0.0  0.0
26 6:14:5
  0.0  0.0  0.0  -0.0  -0.0  -0.0  -0.0  -0.0  0.0  -0.0  0.0  0.0  -0.0  0.0  -0.0  -0.0  0.3  0.0  -0.0  -0.0  0.0  -0.0  -0.0  -0.0  -0.0  -0.0
26 6:14:5
  0.0  0.0  0.0  -0.0  -0.0  0.0  -0.0  -0.0  0.0  -0.0  0.0  0.0  -0.0  0.0  -0.0  -0.0  0.0  0.0  -0.0  -0.0  -0.0  -0.0  -0.0  -0.0  -0.0  0.0
26 6:14:6
  0.0  0.0  0.0  -0.0  -0.0  -0.0  -0.0  -0.0  0.0  -0.0  0.0  0.0  -0.0  -0.0  0.0  -0.0  0.1  0.0  -0.0  -0.0  0.0  -0.0  -0.0  -0.0  -0.0  -0.0
26 6:14:6
  0.0  0.0  0.0  -0.0  -0.0  0.0  0.0  -0.0  0.0  0.0  0.0  0.0  -0.0  -0.0  0.0  -0.0  1.1  -0.0  -0.0  -0.0  0.0  -0.0  -0.0  -0.0  0.0  -0.0
26 6:14:6
  0.0  0.0  0.0  -0.0  -0.0  -0.0  -0.0  -0.0  0.0  -0.0  0.0  0.0  -0.0  0.0  0.0  -0.0  2.5  0.0  -0.0  -0.0  -0.0  -0.0  -0.0  -0.0  -0.0  0.0
26 6:14:7
  0.0  0.0  0.0  -0.0  -0.0  -0.0  -0.0  0.0  0.0  0.0  -0.0  0.0  -0.0  -0.0  0.0  -0.0  5.6  0.0  -0.0  -0.0  -0.0  -0.0  -0.0  -0.0  -0.0  0.0
26 6:14:7
  0.0  0.0  0.0  -0.0  -0.0  -0.0  -0.0  0.0  0.0  0.0  0.0  0.0  -0.0  0.0  0.0  -0.0  3.6  -0.0  -0.0  -0.0  0.0  -0.0  -0.0  -0.0  -0.0  0.0
26 6:14:7
  0.0  0.0  0.0  -0.0  -0.0  -0.0  0.0  0.0  0.0  0.0  0.0  0.0  -0.0  -0.0  0.0  -0.0  4.6  -0.0  0.0  -0.0  0.0  -0.0  -0.0  -0.0  0.0  -0.0
26 6:14:7
  0.0  0.0  0.0  -0.0  -0.0  0.0  0.0  -0.0  0.0  0.0  0.0  0.0  -0.0  -0.0  0.0  -0.0  6.3  -0.0  -0.0  -0.0  -0.0  -0.0  -0.0  -0.0  -0.0  -0.0
26 6:14:8
  0.0  0.0  0.0  -0.0  -0.0  -0.0  -0.0  -0.0  0.0  0.0  0.0  0.0  -0.0  0.0  0.0  -0.0  6.1  0.0  -0.0  -0.0  -0.0  -0.0  -0.0  -0.0  -0.0  0.0
26 6:14:8
  0.0  0.0  0.0  -0.0  -0.0  0.0  -0.0  -0.0  -0.0  0.0  0.0  0.0  -0.0  -0.0  0.0  -0.0  6.0  -0.0  -0.0  -0.0  -0.0  -0.0  -0.0  -0.0  -0.0  -0.0
26 6:14:8
  0.0  0.0  0.0  -0.0  -0.0  -0.0  0.0  -0.0  0.0  0.0  0.0  0.0  -0.0  -0.0  0.0  -0.0  7.1  -0.0  -0.0  -0.0  0.0  -0.0  -0.0  -0.0  -0.0  -0.0
26 6:14:9
  -0.0  0.0  0.0  -0.0  -0.0  -0.0  -0.0  -0.0  0.0  -0.0  0.0  0.0  -0.0  -0.0  0.0  -0.0  7.0  0.0  -0.0  -0.0  0.0  -0.0  0.0  -0.0  0.0  0.0
26 6:14:9
  0.0  0.0  0.0  -0.0  -0.0  -0.0  -0.0  -0.0  -0.0  -0.0  0.0  0.0  -0.0  0.0  0.0  -0.0  0.2  -0.0  -0.0  -0.0  -0.0  -0.0  -0.0  -0.0  -0.0  -0.0
26 6:14:9
  0.0  0.0  0.0  -0.0  -0.0  -0.0  0.0  -0.0  0.0  0.0  0.0  0.0  -0.0  0.0  0.0  -0.0  -0.0  0.0  -0.0  -0.0  -0.0  0.0  -0.0  -0.0  0.0  -0.0
26 6:14:10
  0.0  0.0  0.0  -0.0  -0.0  0.0  -0.0  -0.0  0.0  0.0  0.0  0.0  -0.0  -0.0  0.0  -0.0  0.1  0.0  -0.0  -0.0  -0.0  0.0  -0.0  -0.0  0.0  0.0
26 6:14:10
  0.0  0.0  0.0  -0.0  -0.0  -0.0  -0.0  -0.0  0.0  -0.0  0.0  0.0  -0.0  0.0  0.0  -0.0  0.0  0.0  -0.0  -0.0  -0.0  -0.0  0.0  -0.0  0.0  0.0
26 6:14:10
  0.0  0.0  0.0  -0.0  -0.0  -0.0  0.0  -0.0  0.0  -0.0  0.0  0.0  -0.0  -0.0  0.0  -0.0  -0.0  -0.0  -0.0  -0.0  -0.0  -0.0  -0.0  -0.0  0.0  0.0
26 6:14:11
  0.0  0.0  0.0  -0.0  -0.0  -0.0  0.0  -0.0  0.0  -0.0  0.0  0.0  -0.0  -0.0  0.0  -0.0  0.0  0.0  -0.0  0.0  -0.0  -0.0  -0.0  -0.0  0.0  0.0
26 6:14:11
  0.0  0.0  0.0  -0.0  -0.0  -0.0  -0.0  -0.0  0.0  -0.0  0.0  0.0  -0.0  -0.0  0.0  -0.0  0.0  0.0  -0.0  -0.0  0.0  -0.0  -0.0  -0.0  0.0  0.0
26 6:14:11
  0.0  0.0  0.0  -0.0  -0.0  -0.0  0.0  0.0  0.0  0.0  0.0  0.0  0.0  0.0  0.0  -0.0  0.0  0.0  -0.0  -0.0  -0.0  -0.0  0.0  -0.0  -0.0  -0.0
26 6:14:12
  0.0  0.0  0.0  -0.0  -0.0  -0.0  0.0  -0.0  0.0  0.0  0.0  0.0  -0.0  -0.0  0.0  -0.0  0.0  0.2  0.0  -0.0  -0.0  -0.0  -0.0  -0.0  0.0  0.0
26 6:14:12
  0.0  0.0  0.0  -0.0  -0.0  -0.0  -0.0  -0.0  0.0  0.0  0.0  0.0  -0.0  -0.0  0.0  -0.0  0.0  0.1  -0.0  0.0  -0.0  -0.0  -0.0  -0.0  -0.0  -0.0
26 6:14:12
  0.0  0.0  0.0  -0.0  -0.0  -0.0  -0.0  -0.0  0.0  0.0  0.0  0.0  -0.0  0.0  0.0  -0.0  0.0  -0.1  -0.0  -0.0  -0.0  -0.0  -0.0  -0.0  0.0  -0.0
26 6:14:13
  0.0  0.0  0.0  -0.0  -0.0  -0.0  -0.0  -0.0  0.0  0.0  0.0  0.0  -0.0  0.0  0.0  -0.0  0.0  0.6  -0.0  0.0  0.0  -0.0  -0.0  -0.0  -0.0  -0.0
26 6:14:13
  0.0  0.0  0.0  -0.0  -0.0  -0.0  0.0  -0.0  0.0  -0.0  0.0  0.0  -0.0  0.0  0.0  -0.0  0.0  4.8  -0.0  -0.0  0.0  -0.0  -0.0  -0.0  -0.0  0.0
26 6:14:13
  0.0  0.0  0.0  -0.0  -0.0  -0.0  0.0  -0.0  0.0  0.0  0.0  0.0  -0.0  -0.0  0.0  -0.0  0.0  13.1  -0.0  -0.0  0.0  -0.0  -0.0  -0.0  0.0  -0.0
26 6:14:13
  0.0  0.0  0.0  -0.0  -0.0  -0.0  -0.0  -0.0  0.0  0.0  0.0  0.0  -0.0  -0.0  0.0  -0.0  0.0  19.0  -0.0  -0.0  0.0  -0.0  -0.0  -0.0  -0.0  0.0
26 6:14:14
  0.0  0.0  0.0  -0.0  -0.0  -0.0  -0.0  -0.0  0.0  0.0  0.0  0.0  -0.0  0.0  0.0  -0.0  0.0  23.1  -0.0  -0.0  0.0  -0.0  -0.0  -0.0  0.0  0.0
26 6:14:14
  0.0  0.0  0.0  -0.0  -0.0  -0.0  0.0  -0.0  0.0  -0.0  0.0  0.0  -0.0  0.0  0.0  -0.0  0.0  19.6  -0.0  -0.0  0.0  -0.0  -0.0  -0.0  -0.0  0.0
26 6:14:14
  0.0  0.0  0.0  -0.0  -0.0  0.0  0.0  -0.0  0.0  0.0  0.0  0.0  -0.0  0.0  0.0  -0.0  0.1  0.1  -0.0  -0.0  0.0  -0.0  -0.0  -0.0  -0.0  -0.0
26 6:14:15
  0.0  0.0  0.0  -0.0  -0.0  -0.0  0.0  -0.0  0.0  -0.0  0.0  0.0  -0.0  0.0  0.0  -0.0  0.1  0.1  -0.0  0.0  0.0  0.0  0.0  -0.0  0.0  -0.0
26 6:14:15
  0.0  0.0  0.0  -0.0  -0.0  0.0  -0.0  -0.0  0.0  0.0  0.0  0.0  -0.0  -0.0  0.0  -0.0  0.0  -0.0  -0.0  0.0  -0.0  0.0  -0.0  -0.0  0.0  0.0
26 6:14:15
  0.0  0.0  0.0  -0.0  -0.0  -0.0  -0.0  -0.0  0.0  -0.0  0.0  0.0  -0.0  0.0  0.0  -0.0  0.1  -0.0  -0.0  -0.0  0.0  -0.0  0.0  -0.0  -0.0  -0.0
26 6:14:16
  0.0  0.0  0.0  -0.0  -0.0  0.0  0.0  -0.0  0.0  0.0  0.0  0.0  -0.0  0.0  0.0  -0.0  0.0  -0.0  -0.0  0.0  0.0  -0.0  -0.0  -0.0  0.0  -0.0
26 6:14:16
  0.0  0.0  0.0  -0.0  -0.0  -0.0  0.0  -0.0  0.0  0.0  0.0  0.0  -0.0  0.0  0.0  -0.0  0.0  -0.0  -0.0  -0.0  0.0  -0.0  -0.0  -0.0  -0.0  -0.0
26 6:14:16
  0.0  0.0  0.0  -0.0  -0.0  0.0  -0.0  -0.0  0.0  0.0  0.0  0.0  -0.0  0.0  0.0  -0.0  0.0  -0.0  -0.0  0.0  -0.0  -0.0  -0.0  -0.0  0.0  -0.0
26 6:14:17
  0.0  0.0  0.0  -0.0  -0.0  -0.0  0.0  -0.0  0.0  0.0  0.0  0.0  -0.0  0.0  0.0  -0.0  0.0  -0.0  -0.0  -0.0  -0.0  -0.0  -0.0  -0.0  -0.0  0.0
26 6:14:17
  0.0  0.0  0.0  -0.0  -0.0  -0.0  0.0  -0.0  0.0  -0.0  0.0  0.0  -0.0  0.0  0.0  -0.0  0.0  0.0  -0.0  0.0  0.0  -0.0  -0.0  -0.0  0.0  0.0
26 6:14:17
  0.0  0.0  0.0  -0.0  -0.0  -0.0  0.0  -0.0  0.0  0.0  0.0  0.0  -0.0  0.0  0.0  -0.0  0.0  -0.0  -0.0  -0.0  -0.0  -0.0  -0.0  -0.0  0.0  -0.0
26 6:14:18
  0.0  0.0  0.0  -0.0  -0.0  -0.0  0.0  -0.0  0.0  0.0  0.0  0.0  -0.0  0.0  0.0  -0.0  0.0  -0.0  0.0  -0.0  -0.0  -0.0  -0.0  -0.0  0.0  0.0
26 6:14:18
  0.0  0.0  0.0  -0.0  -0.0  -0.0  0.0  -0.0  0.0  0.0  0.0  0.0  0.0  -0.0  0.0  -0.0  0.0  -0.0  0.2  -0.0  -0.0  -0.0  -0.0  -0.0  0.0  -0.0
26 6:14:18
  0.0  0.0  0.0  -0.0  -0.0  0.0  0.0  -0.0  0.0  0.0  0.0  0.0  -0.0  0.0  0.0  -0.0  0.0  -0.0  -0.0  -0.0  -0.0  -0.0  -0.0  -0.0  0.0  -0.0
26 6:14:18
  0.0  0.0  0.0  -0.0  -0.0  -0.0  0.0  -0.0  0.0  0.0  0.0  0.0  -0.0  0.0  0.0  -0.0  0.0  -0.0  -0.0  0.0  -0.0  -0.0  -0.0  -0.0  0.0  0.0
26 6:14:19
  0.0  0.0  0.0  -0.0  -0.0  -0.0  -0.0  -0.0  0.0  0.0  0.0  0.0  -0.0  0.0  0.0  -0.0  0.0  -0.0  0.8  -0.0  0.0  -0.0  -0.0  -0.0  0.0  0.0
26 6:14:19
  0.0  0.0  0.0  -0.0  -0.0  -0.0  0.0  -0.0  0.0  0.0  0.0  0.0  -0.0  -0.0  0.0  -0.0  0.0  -0.0  4.0  -0.0  0.0  -0.0  -0.0  -0.0  0.0  0.0
26 6:14:19
  0.0  0.0  0.0  -0.0  -0.0  -0.0  0.0  -0.0  0.0  -0.0  0.0  0.0  -0.0  0.0  0.0  -0.0  0.0  -0.0  8.0  0.0  0.0  -0.0  0.0  -0.0  0.0  -0.0
26 6:14:20
  0.0  0.0  0.0  -0.0  -0.0  -0.0  0.0  -0.0  0.0  0.0  0.0  0.0  -0.0  0.0  0.0  -0.0  0.0  -0.0  10.7  0.0  0.0  -0.0  -0.0  -0.0  0.0  0.0
26 6:14:20
  0.0  0.0  0.0  -0.0  -0.0  -0.0  0.0  -0.0  0.0  -0.0  0.0  0.0  -0.0  -0.0  0.0  -0.0  0.0  -0.0  12.0  -0.0  -0.0  -0.0  -0.0  -0.0  0.0  -0.0
26 6:14:20
  0.0  0.0  0.0  -0.0  -0.0  -0.0  -0.0  -0.0  0.0  0.0  0.0  0.0  -0.0  -0.0  0.0  -0.0  0.0  -0.0  12.8  -0.0  -0.0  -0.0  -0.0  -0.0  0.0  -0.0
26 6:14:21
  0.0  0.0  0.0  -0.0  -0.0  -0.0  0.0  -0.0  0.0  0.0  0.0  0.0  -0.0  0.0  0.0  -0.0  0.0  -0.0  0.7  -0.0  0.0  -0.0  0.0  -0.0  0.0  -0.0
26 6:14:21
  0.0  0.0  0.0  -0.0  -0.0  -0.0  0.0  -0.0  0.0  0.0  0.0  0.0  -0.0  0.0  0.0  -0.0  0.0  0.0  0.1  0.0  -0.0  0.0  -0.0  -0.0  0.0  -0.0
26 6:14:21
  0.0  0.0  0.0  -0.0  -0.0  0.0  -0.0  -0.0  0.0  0.0  0.0  0.0  -0.0  0.0  0.0  -0.0  0.0  -0.0  -0.0  -0.0  -0.0  -0.0  0.0  -0.0  0.0  0.0
26 6:14:22
  0.0  0.0  0.0  -0.0  -0.0  -0.0  0.0  -0.0  0.0  -0.0  0.0  0.0  -0.0  0.0  0.0  -0.0  0.0  0.0  0.1  -0.0  -0.0  -0.0  -0.0  -0.0  0.0  -0.0
26 6:14:22
  0.0  0.0  0.0  -0.0  -0.0  0.0  0.0  -0.0  0.0  0.0  0.0  0.0  -0.0  -0.0  0.0  -0.0  0.0  -0.0  0.1  -0.0  -0.0  -0.0  0.0  -0.0  0.0  0.0
26 6:14:22
  0.0  0.0  0.0  -0.0  -0.0  -0.0  -0.0  -0.0  0.0  0.0  0.0  0.0  -0.0  0.0  0.0  -0.0  0.0  -0.0  -0.0  -0.0  0.0  -0.0  0.0  -0.0  -0.0  0.0
26 6:14:23
  0.0  0.0  0.0  -0.0  -0.0  -0.0  0.0  -0.0  0.0  -0.0  0.0  0.0  -0.0  -0.0  0.0  -0.0  0.0  -0.0  -0.0  -0.0  -0.0  -0.0  -0.0  -0.0  0.0  -0.0
26 6:14:23
  0.0  0.0  0.0  -0.0  -0.0  -0.0  0.0  -0.0  0.0  0.0  0.0  0.0  -0.0  0.0  0.0  -0.0  0.0  -0.0  -0.0  -0.0  -0.0  -0.0  0.0  -0.0  -0.0  -0.0
26 6:14:23
  0.0  0.0  0.0  -0.0  -0.0  0.0  0.0  -0.0  0.0  -0.0  0.0  0.0  -0.0  0.0  0.0  -0.0  0.0  -0.0  -0.0  -0.0  0.0  -0.0  -0.0  -0.0  -0.0  0.0
26 6:14:24
  0.0  0.0  0.0  -0.0  -0.0  -0.0  0.0  -0.0  0.0  -0.0  0.0  0.0  -0.0  0.0  0.0  -0.0  0.0  -0.0  -0.0  -0.0  0.0  -0.0  0.0  -0.0  -0.0  -0.0
26 6:14:24
  0.0  0.0  0.0  -0.0  -0.0  0.0  0.0  -0.0  0.0  -0.0  0.0  0.0  -0.0  0.0  0.0  -0.0  0.0  -0.0  -0.0  0.2  -0.0  -0.0  -0.0  -0.0  -0.0  -0.0
26 6:14:24
  0.0  0.0  0.0  -0.0  -0.0  -0.0  0.0  -0.0  0.0  -0.0  0.0  0.0  -0.0  0.0  0.0  -0.0  0.0  -0.0  -0.0  0.0  -0.0  -0.0  0.0  -0.0  -0.0  0.0
26 6:14:24
  0.0  0.0  0.0  -0.0  -0.0  -0.0  0.0  -0.0  0.0  0.0  0.0  0.0  -0.0  -0.0  0.0  -0.0  0.0  -0.0  -0.0  0.0  -0.0  -0.0  0.0  -0.0  0.0  -0.0
26 6:14:25
  0.0  0.0  0.0  -0.0  -0.0  -0.0  0.0  -0.0  0.0  -0.0  0.0  0.0  -0.0  -0.0  0.0  -0.0  0.0  -0.0  -0.0  0.8  -0.0  -0.0  0.0  -0.0  0.0  -0.0
26 6:14:25
  0.0  0.0  0.0  -0.0  -0.0  -0.0  0.0  -0.0  0.0  0.0  0.0  0.0  -0.0  -0.0  0.0  -0.0  0.0  -0.0  -0.0  2.0  0.0  -0.0  -0.0  -0.0  0.0  0.0
26 6:14:25
  0.0  0.0  0.0  -0.0  -0.0  -0.0  -3.8  -0.0  0.0  -0.0  0.0  0.0  -0.0  0.0  0.0  -0.0  0.0  -0.0  -0.0  5.0  -0.0  -0.0  -0.0  -0.0  -0.0  0.0
26 6:14:26
  0.0  0.0  0.0  -0.0  -0.0  -0.0  0.0  -0.0  0.0  0.0  0.0  0.0  -0.0  -0.0  0.0  -0.0  0.0  -0.0  -0.0  7.2  -0.0  -0.0  -0.0  -0.0  0.0  0.0
26 6:14:26
  0.0  0.0  0.0  -0.0  -0.0  -0.0  0.0  -0.0  0.0  0.0  0.0  0.0  -0.0  -0.0  0.0  -0.0  0.0  -0.0  -0.0  9.9  0.0  -0.0  0.0  -0.0  -0.0  0.0
26 6:14:26
  0.0  0.0  0.0  -0.0  -0.0  -0.0  0.0  -0.0  0.0  0.0  0.0  0.0  -0.0  0.0  0.0  -0.0  0.0  -0.0  -0.0  10.5  0.0  -0.0  0.0  -0.0  -0.0  0.0
26 6:14:27
  0.0  0.0  0.0  -0.0  -0.0  -0.0  0.0  -0.0  0.0  0.0  -0.0  0.0  -0.0  0.0  0.0  -0.0  0.0  -0.0  -0.0  2.3  0.0  -0.0  0.0  -0.0  -0.0  0.0
26 6:14:27
  0.0  0.0  0.0  -0.0  -0.0  -0.0  -0.0  -0.0  0.0  0.0  0.0  0.0  -0.0  0.0  0.0  -0.0  0.0  -0.0  -0.0  0.1  0.0  -0.0  -0.0  -0.0  -0.0  -0.0
26 6:14:27
  0.0  0.0  0.0  -0.0  -0.0  -0.0  0.0  -0.0  0.0  0.0  0.0  0.0  -0.0  0.0  0.0  -0.0  0.0  -0.0  -0.0  0.0  0.0  -0.0  0.0  -0.0  0.0  -0.0
26 6:14:28
  0.0  0.0  0.0  -0.0  -0.0  0.0  0.0  -0.0  0.0  -0.0  0.0  0.0  -0.0  0.0  0.0  -0.0  0.0  -0.0  -0.0  -0.1  0.0  -0.0  -0.0  -0.0  -0.0  -0.0
26 6:14:28
  0.0  0.0  0.0  -0.0  -0.0  -0.0  -0.0  -0.0  0.0  -0.0  0.0  0.0  -0.0  0.0  0.0  -0.0  0.0  -0.0  -0.0  0.1  0.0  -0.0  -0.0  -0.0  0.0  0.0
26 6:14:28
  0.0  0.0  0.0  -0.0  -0.0  -0.0  0.0  -0.0  0.0  0.0  0.0  0.0  -0.0  0.0  0.0  -0.0  0.0  -0.0  -0.0  -0.1  -0.0  -0.0  0.0  -0.0  -0.0  0.0
26 6:14:29
  0.0  0.0  0.0  -0.0  -0.0  -0.0  0.0  -0.0  0.0  0.0  0.0  0.0  -0.0  0.0  0.0  -0.0  0.0  -0.0  -0.0  -0.1  -0.0  -0.0  0.0  -0.0  -0.0  0.0
26 6:14:29
  0.0  0.0  0.0  -0.0  -0.0  -0.0  0.0  -0.0  0.0  -0.0  0.0  0.0  -0.0  0.0  0.0  -0.0  0.0  -0.0  -0.0  -0.1  -0.0  -0.0  0.0  -0.0  -0.0  -0.0
26 6:14:29
  0.0  0.0  0.0  -0.0  -0.0  -0.0  0.0  -0.0  0.0  0.0  0.0  0.0  -0.0  0.0  0.0  -0.0  0.0  -0.0  -0.0  -0.1  0.3  -0.0  0.0  -0.0  0.0  -0.0
26 6:14:30
  0.0  0.0  0.0  -0.0  -0.0  -0.0  0.0  -0.0  0.0  0.0  0.0  0.0  -0.0  0.0  0.0  -0.0  0.0  -0.0  -0.0  -0.1  0.2  -0.0  0.0  -0.0  -0.0  -0.0
26 6:14:30
  0.0  0.0  0.0  -0.0  -0.0  -0.0  0.0  -0.0  0.0  -0.0  0.0  0.0  -0.0  0.0  0.0  -0.0  0.0  -0.0  -0.0  -0.1  0.1  -0.0  0.0  -0.0  0.0  -0.0
26 6:14:30
  0.0  0.0  0.0  -0.0  -0.0  -0.0  0.0  0.0  0.0  0.0  0.0  0.0  -0.0  -0.0  0.0  -0.0  0.0  -0.0  -0.0  -0.1  0.5  -0.0  0.0  -0.0  0.0  0.0
26 6:14:30
  0.0  0.0  0.0  -0.0  -0.0  -0.0  0.0  -0.0  0.0  -0.0  0.0  0.0  -0.0  0.0  0.0  -0.0  0.0  -0.0  -0.0  -0.1  2.1  -0.0  0.0  -0.0  0.0  0.0
26 6:14:31
  0.0  0.0  0.0  -0.0  -0.0  -0.0  0.0  -0.0  0.0  -0.0  0.0  0.0  -0.0  0.0  0.0  -0.0  0.0  -0.0  -0.0  -0.1  6.1  -0.0  0.0  -0.0  0.0  0.0
26 6:14:31
  0.0  0.0  0.0  -0.0  -0.0  -0.0  0.0  -0.0  0.0  -0.0  0.0  0.0  -0.0  -0.0  0.0  -0.0  0.0  -0.0  -0.0  -0.1  9.9  -0.0  0.0  -0.0  -0.0  -0.0
26 6:14:31
  0.0  0.0  0.0  -0.0  -0.0  -0.0  0.0  -0.0  0.0  0.0  -0.0  0.0  -0.0  -0.0  0.0  -0.0  0.0  -0.0  -0.0  -0.1  12.4  -0.0  0.0  -0.0  -0.0  0.0
26 6:14:32
  0.0  0.0  0.0  -0.0  -0.0  -0.0  0.0  -0.0  0.0  0.0  -0.0  0.0  -0.0  0.0  0.0  -0.0  0.0  -0.0  -0.0  -0.1  11.7  -0.0  0.0  -0.0  -0.0  0.0
26 6:14:32
  0.0  0.0  0.0  -0.0  -0.0  -0.0  0.0  -0.0  0.0  0.0  0.0  0.0  -0.0  0.0  0.0  -0.0  0.0  -0.0  -0.0  -0.1  -0.2  -0.0  -0.0  -0.0  -0.0  -0.0
26 6:14:32
  0.0  0.0  0.0  -0.0  -0.0  -0.0  0.0  -0.0  0.0  0.0  0.0  0.0  -0.0  0.0  0.0  -0.0  0.0  -0.0  -0.0  -0.1  -0.2  -0.0  0.0  -0.0  0.0  0.0
26 6:14:33
  0.0  0.0  0.0  -0.0  -0.0  -0.0  0.0  -0.0  0.0  0.0  0.0  0.0  -0.0  0.0  0.0  -0.0  0.0  -0.0  -0.0  -0.1  -0.1  -0.0  0.0  -0.0  0.0  0.0
26 6:14:33
  0.0  0.0  0.0  -0.0  -0.0  -0.0  -0.0  -0.0  0.0  -0.0  -0.0  0.0  -0.0  -0.0  0.0  -0.0  0.0  -0.0  -0.0  -0.1  -0.1  -0.0  0.0  -0.0  0.0  0.0
26 6:14:33
  0.0  0.0  0.0  -0.0  -0.0  -0.0  0.0  -0.0  0.0  0.0  0.0  0.0  -0.0  -0.0  0.0  -0.0  0.0  -0.0  -0.0  -0.1  -0.0  -0.0  0.0  -0.0  0.0  -0.0
26 6:14:34
  0.0  0.0  0.0  -0.0  -0.0  -0.0  0.0  -0.0  0.0  0.0  -0.0  0.0  -0.0  0.0  0.0  -0.0  0.0  -0.0  -0.0  -0.1  -0.0  -0.0  0.0  -0.0  -0.0  -0.0
26 6:14:34
  0.0  0.0  0.0  -0.0  -0.0  -0.0  0.0  -0.0  0.0  -0.0  0.0  0.0  -0.0  0.0  0.0  -0.0  0.0  -0.0  -0.0  -0.1  -0.0  -0.0  0.0  -0.0  0.0  0.0
26 6:14:34
  0.0  0.0  0.0  -0.0  -0.0  -0.0  0.0  -0.0  0.0  0.0  0.0  0.0  -0.0  0.0  0.0  -0.0  0.0  -0.0  -0.0  -0.1  0.0  -0.0  0.0  -0.0  -0.0  -0.0
26 6:14:35
  0.0  0.0  0.0  -0.0  -0.0  -0.0  0.0  0.0  0.0  0.0  0.0  0.0  -0.0  0.0  0.0  -0.0  0.0  -0.0  -0.0  -0.1  -0.0  -0.0  -0.0  -0.0  -0.0  -0.0
26 6:14:35
  0.0  0.0  0.0  -0.0  -0.0  -0.0  0.0  -0.0  0.0  0.0  0.0  0.0  -0.0  0.0  0.0  -0.0  0.0  -0.0  -0.0  -0.1  -0.0  -0.0  0.0  -0.0  0.0  -0.0
26 6:14:35
  0.0  0.0  0.0  -0.0  -0.0  -0.0  0.0  -0.0  0.0  0.0  -0.0  0.0  -0.0  0.0  0.0  -0.0  0.0  -0.0  -0.0  -0.1  -0.0  -0.0  0.0  -0.0  -0.0  0.0
26 6:14:36
  0.0  0.0  0.0  -0.0  -0.0  -0.0  0.0  -0.0  0.0  -0.0  0.0  0.0  -0.0  -0.0  0.0  -0.0  0.0  -0.0  -0.0  -0.1  -0.0  -0.0  0.0  -0.0  0.0  0.0
26 6:14:36
  0.0  0.0  0.0  -0.0  -0.0  -0.0  -0.0  -0.0  0.0  0.0  0.0  0.0  -0.0  0.0  0.0  -0.0  0.0  -0.0  -0.0  -0.1  -0.0  -0.0  0.0  -0.0  -0.0  -0.0
26 6:14:36
  0.0  0.0  0.0  -0.0  -0.0  0.0  0.0  0.0  0.0  -0.0  0.0  0.0  -0.0  -0.0  0.0  -0.0  0.0  -0.0  -0.0  -0.1  -0.0  -0.0  0.0  -0.0  0.0  0.0
26 6:14:36
  0.0  0.0  0.0  -0.0  -0.0  -0.0  -0.0  -0.0  0.0  -0.0  0.0  0.0  -0.0  0.0  0.0  -0.0  0.0  -0.0  -0.0  -0.1  -0.0  0.1  0.0  -0.0  0.0  0.0
26 6:14:37
  0.0  0.0  0.0  -0.0  -0.0  -0.0  0.0  0.0  0.0  -0.0  0.0  0.0  -0.0  0.0  0.0  -0.0  0.0  0.0  -0.0  -0.1  -0.0  0.2  0.0  -0.0  -0.0  -0.0
26 6:14:37
  0.0  0.0  0.0  -0.0  -0.0  -0.0  -0.0  -0.0  0.0  -0.0  -0.0  0.0  -0.0  -0.0  0.0  -0.0  0.0  -0.0  -0.0  -0.1  -0.0  0.2  0.0  -0.0  0.0  -0.0
26 6:14:37
  0.0  0.0  0.0  -0.0  -0.0  -0.0  0.0  -0.0  0.0  -0.0  0.0  0.0  -0.0  0.0  0.0  -0.0  0.0  0.0  -0.0  -0.1  -0.0  0.3  0.0  -0.0  -0.0  0.0
26 6:14:38
  0.0  0.0  0.0  -0.0  -0.0  -0.0  0.0  -0.0  0.0  0.0  0.0  0.0  -0.0  0.0  0.0  -0.0  0.0  -0.0  -0.0  -0.1  -0.0  1.5  0.0  -0.0  0.0  0.0
26 6:14:38
  0.0  0.0  0.0  -0.0  -0.0  0.0  0.0  -0.0  0.0  0.0  0.0  0.0  -0.0  0.0  0.0  -0.0  0.0  -0.0  -0.0  -0.1  -0.0  3.2  0.0  -0.0  0.0  -0.0
26 6:14:38
  0.0  0.0  0.0  -0.0  -0.0  -0.0  0.0  -0.0  0.0  -0.0  0.0  0.0  -0.0  0.0  0.0  -0.0  0.0  -0.0  -0.0  -0.1  -0.0  5.0  0.0  -0.0  0.0  -0.0
26 6:14:39
  0.0  0.0  0.0  -0.0  -0.0  0.0  0.0  -0.0  0.0  0.0  -0.0  0.0  -0.0  0.0  0.0  -0.0  0.0  -0.0  -0.0  -0.1  -0.0  6.2  0.0  -0.0  0.0  -0.0
26 6:14:39
  0.0  0.0  0.0  -0.0  -0.0  -0.0  0.0  -0.0  0.0  -0.0  0.0  0.0  -0.0  0.0  0.0  -0.0  0.0  -0.0  -0.0  -0.1  -0.0  7.0  0.0  -0.0  0.0  0.0
26 6:14:39
  0.0  0.0  0.0  -0.0  -0.0  0.0  0.0  0.0  0.0  -0.0  0.0  0.0  -0.0  0.0  0.0  -0.0  0.0  -0.0  -0.0  -0.1  -0.0  7.0  0.0  -0.0  0.0  0.0
26 6:14:40
  0.0  0.0  0.0  -0.0  -0.0  -0.0  0.0  0.0  0.0  0.0  0.0  0.0  -0.0  0.0  0.0  -0.0  0.0  -0.0  -0.0  -0.1  -0.0  4.3  0.0  -0.0  0.0  0.0
26 6:14:40
  0.0  0.0  0.0  -0.0  -0.0  -0.0  0.0  -0.0  0.0  0.0  0.0  0.0  -0.0  0.0  0.0  -0.0  0.0  -0.0  -0.0  -0.1  -0.0  -0.0  -0.0  -0.0  0.0  0.0
26 6:14:40
  0.0  0.0  0.0  -0.0  -0.0  -0.0  0.0  0.0  0.0  0.0  0.0  0.0  -0.0  0.0  0.0  -0.0  0.0  -0.0  -0.0  -0.1  -0.0  -0.0  0.0  -0.0  -0.0  -0.0
26 6:14:41
  0.0  0.0  0.0  -0.0  -0.0  0.0  0.0  -0.0  0.0  0.0  0.0  0.0  -0.0  0.0  0.0  -0.0  0.0  -0.0  -0.0  -0.1  -0.0  -0.1  -0.0  -0.0  0.0  0.0
26 6:14:41
  0.0  0.0  0.0  -0.0  -0.0  -0.0  -0.0  0.0  0.0  -0.0  0.0  0.0  -0.0  0.0  0.0  -0.0  0.0  -0.0  -0.0  -0.1  -0.0  -0.1  0.0  -0.0  -0.0  0.0
26 6:14:41
  0.0  0.0  0.0  -0.0  -0.0  0.0  0.0  0.0  0.0  0.0  0.0  0.0  -0.0  0.0  0.0  -0.0  0.0  -0.0  -0.0  -0.1  -0.1  -0.1  -0.0  -0.0  0.0  0.0
26 6:14:41
  0.0  0.0  0.0  -0.0  -0.0  -0.0  0.0  0.0  0.0  -0.0  0.0  0.0  -0.0  0.0  0.0  -0.0  0.0  -0.0  -0.0  -0.1  -0.1  -0.1  -0.0  -0.0  -0.0  -0.0
26 6:14:42
  0.0  0.0  0.0  -0.0  -0.0  0.0  0.0  -0.0  0.0  0.0  0.0  0.0  -0.0  -0.0  0.0  -0.0  0.0  -0.0  -0.0  -0.1  -0.0  -0.1  -0.0  -0.0  0.0  -0.0
26 6:14:42
  0.0  0.0  0.0  -0.0  -0.0  0.0  0.0  0.0  0.0  0.0  0.0  0.0  -0.0  0.0  0.0  -0.0  0.0  -0.0  -0.0  -0.1  -0.0  -0.1  -0.0  -0.0  -0.0  0.0
26 6:14:42
  0.0  0.0  0.0  -0.0  -0.0  -0.0  0.0  0.0  0.0  0.0  0.0  0.0  -0.0  0.0  0.0  -0.0  0.0  -0.0  -0.0  -0.1  -0.1  -0.1  -0.0  -0.0  0.0  0.0
26 6:14:43
  0.0  0.0  0.0  -0.0  -0.0  -0.0  0.0  0.0  0.0  0.0  0.0  0.0  -0.0  -0.0  0.0  -0.0  0.0  -0.0  -0.0  -0.1  -0.1  -0.1  -0.0  -0.0  -0.0  0.0
26 6:14:43
  0.0  0.0  0.0  -0.0  -0.0  -0.0  0.0  0.0  0.0  0.0  0.0  0.0  -0.0  -0.0  0.0  -0.0  0.0  -0.0  -0.0  -0.1  -0.1  -0.1  -0.0  -0.0  0.0  -0.0
26 6:14:43
  0.0  0.0  0.0  -0.0  -0.0  -0.0  0.0  0.0  0.0  0.0  0.0  0.0  -0.0  0.0  0.0  -0.0  0.0  -0.0  -0.0  -0.1  -0.1  -0.1  -0.0  -0.0  0.0  0.0
26 6:14:44
  0.0  0.0  0.0  -0.0  -0.0  -0.0  0.0  0.0  0.0  0.0  0.0  0.0  -0.0  0.0  0.0  -0.0  0.0  -0.0  -0.0  -0.1  -0.1  -0.1  -0.0  -0.0  0.0  -0.0
26 6:14:44
  0.0  0.0  0.0  -0.0  -0.0  0.0  0.0  0.0  0.0  0.0  0.0  0.0  -0.0  0.0  0.0  -0.0  0.0  -0.0  -0.0  -0.1  -0.1  -0.1  -0.0  -0.0  -0.0  0.0
26 6:14:44
  0.0  0.0  0.0  -0.0  -0.0  -0.0  0.0  0.0  0.0  0.0  0.0  0.0  -0.0  0.0  0.0  -0.0  0.0  -0.0  -0.0  -0.1  -0.1  -0.1  -0.0  -0.0  0.0  0.0
26 6:14:45
  0.0  0.0  0.0  -0.0  -0.0  -0.0  0.0  0.0  0.0  0.0  0.0  0.0  -0.0  0.0  0.0  -0.0  0.0  -0.0  -0.0  -0.1  -0.1  -0.1  0.0  -0.0  -0.0  0.0
26 6:14:45
  0.0  0.0  0.0  -0.0  -0.0  -0.0  0.0  0.0  0.0  0.0  -0.0  0.0  -0.0  0.0  0.0  -0.0  0.0  -0.0  -0.0  -0.1  -0.1  -0.1  -0.0  -0.0  0.0  -0.0
26 6:14:45
  0.0  0.0  0.0  -0.0  -0.0  -0.0  0.0  -0.0  0.0  0.0  -0.0  0.0  -0.0  0.0  0.0  -0.0  0.0  -0.0  -0.0  -0.1  -0.1  -0.1  -0.0  -0.0  -0.0  -0.0
26 6:14:46
  0.0  0.0  0.0  -0.0  -0.0  -0.0  0.0  0.0  0.0  0.0  -0.0  0.0  -0.0  -0.0  0.0  -0.0  0.0  -0.0  -0.0  -0.1  -0.1  -0.1  0.1  -0.0  0.0  -0.0
26 6:14:46
  0.0  0.0  0.0  -0.0  -0.0  -0.0  0.0  0.0  0.0  0.0  0.0  0.0  -0.0  0.0  0.0  -0.0  0.0  -0.0  -0.0  -0.1  -0.1  -0.1  0.2  -0.0  0.0  -0.0
26 6:14:46
  0.0  0.0  0.0  -0.0  -0.0  -0.0  0.0  0.0  0.0  0.0  -0.0  0.0  -0.0  -0.0  0.0  -0.0  0.0  -0.0  -0.0  -0.1  -0.1  -0.1  1.5  -0.0  0.0  0.0
26 6:14:47
  0.0  0.0  0.0  -0.0  -0.0  -0.0  0.0  0.0  0.0  0.0  0.0  0.0  -0.0  0.0  0.0  -0.0  0.0  -0.0  -0.0  -0.1  -0.1  -0.1  3.3  -0.0  0.0  -0.0
26 6:14:47
  0.0  0.0  0.0  -0.0  -0.0  -0.0  0.0  0.0  0.0  -0.0  -0.0  0.0  -0.0  0.0  0.0  -0.0  0.0  -0.0  -0.0  -0.1  -0.1  -0.1  6.8  -0.0  0.0  0.0
26 6:14:47
  0.0  0.0  0.0  -0.0  -0.0  -0.0  0.0  0.0  0.0  -0.0  0.0  0.0  -0.0  0.0  0.0  -0.0  0.0  -0.0  -0.0  -0.1  -0.1  -0.1  8.7  -0.0  0.0  0.0
26 6:14:47
  0.0  0.0  0.0  -0.0  -0.0  -0.0  0.0  0.0  0.0  0.0  0.0  0.0  -0.0  0.0  0.0  -0.0  0.0  0.0  -0.0  -0.1  -0.1  -0.1  9.5  -0.0  -0.0  -0.0
26 6:14:48
  0.0  0.0  0.0  -0.0  -0.0  -0.0  0.0  0.0  0.0  0.0  0.0  0.0  -0.0  0.0  0.0  -0.1  0.0  -0.0  -0.0  -0.1  -0.1  -0.1  0.0  -0.0  0.0  -0.0
26 6:14:48
  0.0  0.0  0.0  -0.0  -0.0  0.0  0.0  0.0  0.0  0.0  -0.0  0.0  -0.0  0.0  0.0  -0.0  0.0  0.0  -0.0  -0.1  -0.1  -0.1  -0.0  -0.0  -0.0  0.0
26 6:14:48
  0.0  0.0  0.0  -0.0  -0.0  -0.0  -0.0  0.0  0.0  0.0  0.0  0.0  -0.0  0.0  0.0  -0.0  0.0  -0.0  -0.0  -0.1  -0.1  -0.1  0.0  -0.0  0.0  0.0
26 6:14:49
  0.0  0.0  0.0  -0.0  -0.0  -0.0  0.0  0.0  0.0  0.0  -0.0  0.0  -0.0  0.0  0.0  -0.0  0.0  -0.0  -0.0  -0.1  -0.1  -0.1  -0.1  -0.0  -0.0  -0.0
26 6:14:49
  0.0  0.0  0.0  -0.0  -0.0  -0.0  0.0  -0.0  0.0  0.0  -0.0  0.0  -0.0  -0.0  0.0  -0.0  0.0  0.0  -0.0  -0.1  -0.1  -0.1  -0.0  -0.0  0.0  0.0
26 6:14:49
  0.0  0.0  0.0  -0.0  -0.0  -0.0  0.0  0.0  0.0  0.0  -0.0  0.0  -0.0  0.0  0.0  -0.0  0.0  -0.0  -0.0  -0.1  -0.1  -0.1  -0.0  -0.0  0.0  0.0
26 6:14:50
  0.0  0.0  0.0  -0.0  -0.0  0.0  0.0  0.0  0.0  0.0  0.0  0.0  -0.0  0.0  0.0  -0.0  0.0  0.0  -0.0  -0.1  -0.1  -0.1  -0.1  -0.0  0.0  0.0
26 6:14:50
  0.0  0.0  0.0  -0.0  -0.0  -0.0  0.0  0.0  0.0  0.0  0.0  0.0  -0.0  0.0  0.0  -0.0  0.0  -0.0  -0.0  -0.1  -0.1  -0.1  -0.1  -0.0  0.0  0.0
26 6:14:50
  0.0  0.0  0.0  -0.0  -0.0  0.0  0.0  -0.0  0.0  0.0  0.0  0.0  -0.0  -0.0  0.0  -0.0  0.0  -0.0  -0.0  -0.1  -0.1  -0.1  -0.1  0.0  0.0  0.0
26 6:14:51
  0.0  0.0  0.0  -0.0  -0.0  -0.0  0.0  0.0  0.0  0.0  -0.0  0.0  -0.0  0.0  0.0  -0.0  0.0  -0.0  -0.0  -0.1  -0.1  -0.1  -0.1  0.2  0.0  0.0
26 6:14:51
  0.0  0.0  0.0  -0.0  -0.0  -0.0  0.0  0.0  0.0  0.0  0.0  0.0  -0.0  0.0  0.0  -0.0  0.0  -0.0  -0.0  -0.1  -0.1  -0.1  -0.1  0.0  0.0  0.0
26 6:14:51
  0.0  0.0  0.0  -0.0  -0.0  -0.0  0.0  0.0  0.0  0.0  -0.0  0.0  -0.0  0.0  0.0  -0.0  0.0  -0.0  -0.0  -0.1  -0.1  -0.1  -0.1  1.0  0.0  0.0
26 6:14:52
  0.0  0.0  0.0  -0.0  -0.0  -0.0  0.0  0.0  0.0  0.0  -0.0  0.0  -0.0  0.0  0.0  -0.0  0.0  -0.0  -0.0  -0.1  -0.1  -0.1  -0.1  2.3  0.0  -0.0
26 6:14:52
  0.0  0.0  0.0  -0.0  -0.0  -0.0  0.0  0.0  0.0  0.0  -0.0  0.0  -0.0  0.0  0.0  -0.0  0.0  -0.0  -0.0  -0.1  -0.1  -0.1  -0.1  4.4  -0.0  0.0
26 6:14:52
  0.0  0.0  0.0  -0.0  -0.0  -0.0  0.0  0.0  0.0  0.0  0.0  0.0  -0.0  0.0  0.0  -0.0  0.0  -0.0  -0.0  -0.1  -0.1  -0.1  -0.1  6.3  0.0  0.0
26 6:14:53
  0.0  0.0  0.0  -0.0  -0.0  -0.0  0.0  0.0  0.0  0.0  -0.0  0.0  -0.0  0.0  0.0  -0.0  0.0  -0.0  -0.0  -0.1  -0.1  -0.1  -0.1  7.4  0.0  0.0
26 6:14:53
  0.0  0.0  0.0  -0.0  -0.0  -0.0  0.0  0.0  0.0  0.0  -0.0  0.0  -0.0  0.0  0.0  -0.0  0.0  -0.0  -0.0  -0.1  -0.1  -0.1  -0.1  8.6  0.0  0.0
26 6:14:53
  0.0  0.0  0.0  -0.0  -0.0  -0.0  0.0  0.0  0.0  0.0  -0.0  0.0  -0.0  0.0  0.0  -0.0  0.0  -0.0  -0.0  -0.1  -0.1  -0.1  -0.1  1.0  0.0  0.0
26 6:14:53
  0.0  0.0  0.0  -0.0  -0.0  -0.0  0.0  0.0  0.0  0.0  -0.0  0.0  -0.0  0.0  0.0  -0.0  0.0  0.0  -0.0  -0.1  -0.1  -0.1  -0.1  -0.0  -0.0  0.0
26 6:14:54
  0.0  0.0  0.0  -0.0  -0.0  -0.0  0.0  0.0  -0.0  0.0  -0.0  0.0  -0.0  0.0  0.0  -0.1  0.0  -0.0  -0.0  -0.1  -0.1  -0.1  -0.1  0.0  0.0  -0.0
26 6:14:54
  0.0  0.0  0.0  -0.0  -0.0  -0.0  0.0  0.0  0.0  0.0  -0.0  0.0  -0.0  0.0  0.0  -0.0  0.0  0.0  -0.0  -0.1  -0.1  -0.1  -0.1  0.0  -0.0  0.0
26 6:14:54
  0.0  0.0  0.0  -0.0  -0.0  -0.0  -0.0  -0.0  0.0  0.0  0.0  0.0  -0.0  0.0  0.0  -0.0  0.0  -0.0  -0.0  -0.1  -0.1  -0.1  -0.1  -0.0  0.0  0.0
26 6:14:55
  0.0  0.0  0.0  -0.0  -0.0  -0.0  0.0  0.0  0.0  0.0  0.0  0.0  -0.0  -0.0  0.0  -0.0  0.0  0.0  -0.0  -0.1  -0.0  -0.1  -0.1  -0.0  0.0  0.0
26 6:14:55
  0.0  0.0  0.0  -0.0  -0.0  -0.0  0.0  -0.0  0.0  0.0  -0.0  0.0  -0.0  0.0  0.0  -0.0  0.0  -0.0  -0.0  -0.1  -0.1  -0.1  -0.1  -0.0  -0.0  -0.0
26 6:14:55
  0.0  0.0  0.0  -0.0  -0.0  -0.0  0.0  0.0  0.0  0.0  0.0  0.0  -0.0  0.0  0.0  -0.0  0.0  0.0  -0.0  -0.1  -0.1  -0.1  -0.1  -0.0  0.0  0.0
26 6:14:56
  0.0  0.0  0.0  -0.0  -0.0  -0.0  0.0  0.0  0.0  0.0  -0.0  0.0  -0.0  0.0  0.0  -0.0  0.0  -0.0  -0.0  -0.1  -0.1  -0.1  -0.1  -0.0  0.0  0.0
26 6:14:56
  0.0  0.0  0.0  -0.0  -0.0  -0.0  0.0  0.0  0.0  0.0  -0.0  0.0  -0.0  0.0  0.0  -0.0  0.0  -0.0  -0.0  -0.1  -0.1  -0.1  -0.1  -0.0  0.0  0.0
26 6:14:56
  0.0  0.0  0.0  -0.0  -0.0  -0.0  0.0  0.0  0.0  0.0  0.0  0.0  -0.0  0.0  0.0  -0.0  0.0  -0.0  -0.0  -0.1  -0.1  -0.1  -0.1  -0.0  0.0  0.0
26 6:14:57
  0.0  0.0  0.0  -0.0  -0.0  -0.0  0.0  -0.0  0.0  0.0  0.0  0.0  -0.0  0.0  0.0  -0.0  0.0  -0.0  -0.0  -0.1  -0.1  -0.1  -0.1  -0.0  0.1  0.0
26 6:14:57
  0.0  0.0  0.0  -0.0  -0.0  -0.0  0.0  -0.0  0.0  0.0  0.0  0.0  -0.0  -0.0  0.0  -0.0  0.0  -0.0  -0.0  -0.1  -0.1  -0.1  -0.1  -0.0  0.1  0.0
26 6:14:57
  0.0  0.0  0.0  -0.0  -0.0  -0.0  0.0  -0.0  0.0  0.0  0.0  0.0  -0.0  0.0  0.0  -0.0  0.0  -0.0  -0.0  -0.1  -0.1  -0.1  -0.1  -0.0  0.9  -0.0
26 6:14:58
  0.0  0.0  0.0  -0.0  -0.0  -0.0  0.0  0.0  0.0  0.0  0.0  0.0  -0.0  -0.0  0.0  -0.0  0.0  -0.0  -0.0  -0.1  -0.1  -0.1  -0.1  -0.0  2.8  -0.0
26 6:14:58
  0.0  0.0  0.0  -0.0  -0.0  -0.0  0.0  -0.0  0.0  0.0  -0.0  0.0  -0.0  0.0  0.0  -0.0  0.0  -0.0  -0.0  -0.1  -0.1  -0.1  -0.1  -0.0  6.7  0.0
26 6:14:58
  0.0  0.0  0.0  -0.0  -0.0  -0.0  0.0  -0.0  0.0  0.0  -0.0  0.0  -0.0  0.0  0.0  -0.0  0.0  -0.0  -0.0  -0.1  -0.1  -0.1  -0.1  -0.0  9.8  0.0
26 6:14:58
  0.0  0.0  0.0  -0.0  -0.0  -0.0  0.0  0.0  0.0  0.0  0.0  0.0  -0.0  0.0  0.0  -0.0  0.0  -0.0  -0.0  -0.1  -0.1  -0.1  -0.1  -0.0  11.3  0.0
26 6:14:59
  0.0  0.0  0.0  -0.0  -0.0  -0.0  0.0  0.0  0.0  0.0  0.0  0.0  -0.0  0.0  0.0  -0.0  0.0  -0.0  -0.0  -0.1  -0.1  -0.1  -0.1  -0.0  12.7  0.0
26 6:14:59
  0.0  0.0  0.0  -0.0  -0.0  -0.0  0.0  -0.0  0.0  0.0  0.0  0.0  -0.0  0.0  0.0  -0.0  0.0  -0.0  -0.0  -0.1  -0.1  -0.1  -0.1  -0.0  4.4  0.0
26 6:14:59
  0.0  0.0  0.0  -0.0  -0.0  -0.0  0.0  0.0  0.0  0.0  0.0  0.0  -0.0  0.0  0.0  -0.0  0.0  -0.0  -0.0  -0.1  -0.0  -0.1  -0.1  -0.0  0.1  0.0
26 6:15:0
  0.0  0.0  0.0  -0.0  -0.0  -0.0  0.0  -0.0  0.0  0.0  0.0  0.0  -0.0  0.0  0.0  -0.0  0.0  -0.0  -0.0  -0.1  -0.0  -0.1  -0.1  -0.0  0.1  0.0
26 6:15:0
  0.0  0.0  0.0  -0.0  -0.0  -0.0  -0.0  -0.0  0.0  0.0  0.0  0.0  -0.0  0.0  0.0  -0.0  0.0  0.0  -0.0  -0.1  -0.1  -0.1  -0.1  -0.0  0.2  0.0
26 6:15:0
  0.0  0.0  0.0  -0.0  -0.0  -0.0  0.0  0.0  0.0  0.0  -0.0  0.0  -0.0  0.0  0.0  -0.0  0.0  -0.0  -0.0  -0.1  -0.1  -0.1  -0.1  -0.0  0.0  -0.0
26 6:15:1
  0.0  0.0  0.0  -0.0  -0.0  -0.0  0.0  0.0  0.0  0.0  0.0  0.0  -0.0  0.0  0.0  -0.0  0.0  0.0  -0.0  -0.1  -0.1  -0.1  -0.1  -0.0  -0.0  -0.0
26 6:15:1
  0.0  0.0  0.0  -0.0  -0.0  -0.0  0.0  -0.0  0.0  0.0  0.0  0.0  -0.0  0.0  0.0  -0.0  0.0  0.0  -0.0  -0.1  -0.1  -0.1  -0.1  -0.0  -0.0  0.0
26 6:15:1
  0.0  0.0  0.0  -0.0  -0.0  -0.0  0.0  -0.0  0.0  0.0  0.0  0.0  -0.0  0.0  0.0  -0.0  0.0  0.0  -0.0  -0.1  -0.1  -0.1  -0.1  -0.0  0.0  0.0
26 6:15:2
  0.0  0.0  0.0  -0.0  -16.7  -0.0  0.0  -0.0  0.0  0.0  0.0  0.0  -0.0  0.0  0.0  -0.0  0.0  0.0  -0.0  -0.1  -0.1  -0.1  -0.1  -0.0  0.0  0.0
26 6:15:2
  0.0  0.0  0.0  -0.0  -0.0  -0.0  0.0  0.0  0.0  0.0  0.0  0.0  -0.0  0.0  0.0  -0.0  0.0  -0.0  -0.0  -0.1  -0.1  -0.1  -0.1  -0.0  -0.0  0.0
26 6:15:2
  0.0  0.0  0.0  -0.0  -0.0  -0.0  0.0  0.0  0.0  0.0  0.0  0.0  -0.0  0.0  0.0  -0.0  0.0  -0.0  -0.0  -0.1  -0.1  -0.1  -0.1  -0.0  -0.0  0.0
26 6:15:3
  0.0  0.0  0.0  -0.0  -0.0  -0.0  0.0  -0.0  0.0  0.0  0.0  0.0  -0.0  0.0  0.0  -0.0  0.0  -0.0  -0.0  -0.1  -0.1  -0.1  -0.1  -0.0  -0.0  0.0
26 6:15:3
  0.0  0.0  0.0  -0.0  -0.0  0.0  0.0  -0.0  0.0  0.0  0.0  0.0  -0.0  0.0  0.0  -0.0  0.0  -0.0  -0.0  -0.1  -0.1  -0.1  -0.1  -0.0  -0.0  0.4
26 6:15:3
  0.0  0.0  0.0  -0.0  -0.0  0.0  0.0  -0.0  0.0  0.0  0.0  0.0  -0.0  0.0  0.0  -0.0  0.0  0.0  -0.0  -0.1  -0.1  -0.1  -0.1  -0.0  -0.0  0.2
26 6:15:4
  0.0  0.0  0.0  -0.0  -0.0  -0.0  0.0  0.0  0.0  0.0  0.0  0.0  -0.0  0.0  0.0  -0.0  0.0  -0.0  -0.0  -0.1  -0.1  -0.1  -0.1  -0.0  -0.0  0.7
26 6:15:4
  0.0  0.0  0.0  -0.0  -0.0  -0.0  0.0  -0.0  0.0  0.0  -0.0  0.0  -0.0  0.0  0.0  -0.0  0.0  -0.0  -0.0  -0.1  -0.1  -0.1  -0.1  -0.0  -0.0  0.8
26 6:15:4
  0.0  0.0  0.0  -0.0  -0.0  -0.0  0.0  -0.0  0.0  0.0  0.0  0.0  -0.0  0.0  0.0  -0.0  0.0  -0.0  -0.0  -0.1  -0.1  -0.1  -0.1  -0.0  -0.0  4.6
26 6:15:4
  0.0  0.0  0.0  -0.0  -0.0  -0.0  0.0  0.0  0.0  -0.0  0.0  0.0  -0.0  0.0  0.0  -0.0  0.0  -0.0  -0.0  -0.1  -0.1  -0.1  -0.1  -0.0  -0.0  9.6
26 6:15:5
  0.0  0.0  0.0  -0.0  -0.0  -0.0  0.0  -0.0  0.0  -0.0  0.0  0.0  -0.0  0.0  0.0  -0.0  0.0  -0.0  -0.0  -0.1  -0.1  -0.1  -0.1  -0.0  -0.0  16.4
26 6:15:5
  0.0  0.0  0.0  -0.0  -0.0  -0.0  0.0  -0.0  0.0  0.0  -0.0  0.0  -0.0  0.0  0.0  -0.0  0.0  -0.0  -0.0  -0.1  -0.1  -0.1  -0.1  -0.0  -0.0  21.5
26 6:15:5
  0.0  0.0  0.0  -0.0  -0.0  -0.0  0.0  0.0  0.0  -0.0  0.0  0.0  -0.0  0.0  0.0  -0.0  0.0  -0.0  -0.0  -0.1  -0.1  -0.1  -0.1  -0.0  -0.0  24.2
26 6:15:6
  0.0  0.0  0.0  -0.0  -0.0  -0.0  0.0  -0.0  0.0  0.0  0.0  0.0  -0.0  0.0  0.0  -0.0  0.0  -0.0  -0.0  -0.1  -0.1  -0.1  -0.1  -0.0  -0.0  18.6
26 6:15:6
  0.0  0.0  0.0  -0.0  -0.0  -0.0  0.0  0.0  0.0  0.0  0.0  0.0  -0.0  0.0  0.0  -0.0  0.0  -0.0  -0.0  -0.1  -0.1  -0.1  -0.1  -0.0  -0.0  0.5
26 6:15:6
  0.0  0.0  0.0  -0.0  -0.0  -0.0  -0.0  -0.0  0.0  0.0  -0.0  0.0  -0.0  0.0  0.0  -0.0  0.0  0.0  -0.0  -0.1  -0.1  -0.1  -0.1  -0.0  -0.0  0.2
26 6:15:7
  0.0  0.0  0.0  -0.0  -0.0  -0.0  0.0  -0.0  0.0  0.0  0.0  0.0  -0.0  0.0  0.0  -0.0  0.0  -0.0  -0.0  -0.1  -0.1  -0.1  -0.1  -0.0  -0.0  0.3
26 6:15:7
  0.0  0.0  0.0  -0.0  -0.0  -0.0  0.0  -0.0  0.0  0.0  0.0  0.0  -0.0  -0.0  0.0  -0.0  0.0  -0.0  -0.0  -0.1  -0.1  -0.1  -0.1  -0.0  -0.0  0.8
26 6:15:7
  0.0  0.0  0.0  -0.0  -0.0  -0.0  0.0  -0.0  0.0  0.0  0.0  0.0  -0.0  -0.0  0.0  -0.1  0.0  -0.0  -0.0  -0.1  -0.1  -0.1  -0.1  -0.0  -0.0  0.3
26 6:15:8
  0.0  0.0  0.0  -0.0  -0.0  -0.0  0.0  -0.0  0.0  0.0  0.0  0.0  -0.0  0.0  0.0  -0.0  0.0  -0.0  -0.0  -0.1  -0.1  -0.1  -0.1  -0.0  -0.0  0.1
26 6:15:8
  0.0  0.0  0.0  -0.0  -0.0  -0.0  0.0  0.0  0.0  0.0  0.0  0.0  -0.0  -0.0  0.0  -0.0  0.0  -0.0  -0.0  -0.1  -0.1  -0.1  -0.1  -0.0  -0.0  0.1
26 6:15:8
  0.0  0.0  0.0  -0.0  -0.0  -0.0  0.0  -0.0  0.0  -0.0  0.0  0.0  -0.0  0.0  0.0  -0.0  0.0  -0.0  -0.0  -0.1  -0.1  -0.1  -0.1  -0.0  -0.0  0.0
26 6:15:9
  0.0  0.0  0.0  -0.0  -0.0  -0.0  0.0  -0.0  0.0  -0.0  0.0  0.0  -0.0  -0.0  0.0  -0.1  0.0  -0.0  -0.0  -0.1  -0.1  -0.1  -0.1  -0.0  -0.0  0.0
26 6:15:9
  0.0  0.0  0.0  -0.0  -0.0  -0.0  0.0  -0.0  0.0  -0.0  0.0  0.0  -0.0  0.0  0.0  -0.0  0.0  -0.0  -0.0  -0.1  -0.1  -0.1  -0.1  -0.0  -0.0  0.0
26 6:15:9
  0.0  0.0  0.0  -0.0  -0.0  -0.0  0.0  0.0  0.0  -0.0  0.0  0.0  -0.0  0.0  0.0  -0.0  0.0  -0.0  -0.0  -0.1  -0.1  -0.1  -0.1  -0.0  -0.0  0.0
26 6:15:10
  0.0  0.0  0.0  -0.0  -0.0  0.0  0.0  -0.0  0.0  -0.0  0.0  0.0  -0.0  0.0  0.0  -0.0  0.0  -0.0  -0.0  -0.1  -0.1  -0.1  -0.1  -0.0  -0.0  0.0
26 6:15:10
  0.0  0.0  0.0  -0.0  -0.0  -0.0  0.0  -0.0  0.0  -0.0  0.0  0.0  -0.0  0.0  0.0  -0.0  0.0  -0.0  -0.0  -0.1  -0.1  -0.1  -0.1  -0.0  -0.0  0.0
26 6:15:10

Done Measuring
