M H
 P = [[0.00 0.00 0.00 0.00 0.00 0.00]
 [0.00 0.67 0.33 0.00 0.00 0.00]
 [0.00 0.37 0.63 0.00 0.00 0.00]
 [0.00 0.00 0.00 0.00 0.00 0.00]
 [0.00 0.00 0.00 0.00 0.00 0.00]
 [0.00 0.00 0.00 0.00 0.00 0.00]
 [0.54 0.00 0.12 0.33 0.00 0.00]
 [0.00 0.00 0.00 0.00 0.00 0.00]
 [0.40 0.00 0.20 0.40 0.00 0.00]
 [0.33 0.00 0.00 0.33 0.33 0.00]
 [0.00 0.00 0.00 0.00 0.00 0.00]
 [0.00 0.00 0.00 0.00 0.00 0.00]
 [0.51 0.23 0.00 0.00 0.27 0.00]
 [0.47 0.13 0.00 0.07 0.33 0.00]
 [0.00 0.00 0.00 0.00 0.00 0.00]
 [0.00 0.00 0.00 0.00 0.00 0.00]
 [0.00 0.67 0.00 0.00 0.33 0.00]
 [0.00 0.00 0.00 0.00 0.00 0.00]
 [0.00 0.00 0.00 0.00 0.00 0.00]
 [0.00 0.05 0.00 0.00 0.68 0.26]
 [0.00 0.00 0.00 0.00 1.00 0.00]
 [0.00 0.00 0.00 0.00 0.00 0.00]
 [0.00 0.03 0.00 0.00 0.27 0.70]
 [0.00 0.00 0.00 0.00 0.00 1.00]
 [0.00 0.00 0.00 0.00 0.00 0.00]
 [0.00 0.00 0.00 0.00 0.00 1.00]
 [0.00 0.00 0.08 0.76 0.00 0.16]
 [0.00 0.00 0.03 0.42 0.00 0.55]
 [0.00 0.00 0.00 0.00 0.00 0.00]
 [0.00 0.00 0.00 0.00 0.00 0.00]
 [0.00 0.00 0.00 0.00 0.00 0.00]
 [0.00 0.00 0.00 0.00 0.00 0.00]
 [0.00 0.00 0.00 0.00 0.00 0.00]
 [0.00 0.00 0.00 1.00 0.00 0.00]
 [0.00 0.00 0.00 0.00 0.00 0.00]
 [0.00 0.00 0.00 0.00 0.00 0.00]]
Average time of solving maze is L SPT
 P = [[0.00 0.00 0.00 0.00 0.00 0.00 0.00]
 [0.00 1.00 0.00 0.00 0.00 0.00 0.00]
 [0.00 0.00 0.00 0.00 0.00 0.00 0.00]
 [0.00 0.00 0.00 0.00 0.00 0.00 0.00]
 [0.00 0.00 0.00 0.00 0.00 0.00 0.00]
 [0.00 0.00 0.00 0.00 0.00 0.00 0.00]
 [0.00 0.00 0.00 0.00 0.00 0.00 0.00]
 [0.82 0.00 0.18 0.00 0.00 0.00 0.00]
 [0.00 0.00 0.00 0.00 0.00 0.00 0.00]
 [0.43 0.00 0.57 0.00 0.00 0.00 0.00]
 [0.00 0.00 0.00 0.00 0.00 0.00 0.00]
 [0.00 0.00 0.00 0.00 0.00 0.00 0.00]
 [0.00 0.00 0.00 0.00 0.00 0.00 0.00]
 [0.00 0.00 0.00 0.00 0.00 0.00 0.00]
 [0.00 0.00 0.00 0.00 0.00 0.00 0.00]
 [0.00 0.52 0.00 0.48 0.00 0.00 0.00]
 [0.00 0.00 0.00 0.00 0.00 0.00 0.00]
 [0.00 0.19 0.00 0.81 0.00 0.00 0.00]
 [0.00 0.00 0.00 0.00 0.00 0.00 0.00]
 [0.00 0.00 0.00 0.00 0.00 0.00 0.00]
 [0.00 0.00 0.00 0.00 0.00 0.00 0.00]
 [0.00 0.00 0.00 0.00 0.00 0.00 0.00]
 [0.00 0.00 0.00 0.00 0.00 0.00 0.00]
 [0.00 0.00 0.79 0.00 0.21 0.00 0.00]
 [0.00 0.00 0.00 0.00 0.00 0.00 0.00]
 [0.00 0.00 0.00 0.00 1.00 0.00 0.00]
 [0.00 0.00 0.00 0.00 0.00 0.00 0.00]
 [0.00 0.00 0.00 0.00 0.00 0.00 0.00]
 [0.00 0.00 0.00 0.00 0.00 0.00 0.00]
 [0.00 0.00 0.00 0.00 0.00 0.00 0.00]
 [0.00 0.00 0.00 0.00 0.00 0.00 0.00]
 [0.00 0.00 0.00 0.18 0.00 0.82 0.00]
 [0.00 0.00 0.00 0.00 0.00 0.00 0.00]
 [0.00 0.00 0.00 0.25 0.00 0.75 0.00]
 [0.00 0.00 0.00 0.00 0.00 0.00 0.00]
 [0.00 0.00 0.00 0.00 0.00 0.00 0.00]
 [0.00 0.00 0.00 0.00 0.00 0.00 0.00]
 [0.00 0.00 0.00 0.00 0.00 0.00 0.00]
 [0.00 0.00 0.00 0.00 0.00 0.00 0.00]
 [0.00 0.00 0.00 0.00 0.33 0.00 0.67]
 [0.00 0.00 0.00 0.00 0.00 0.00 0.00]
 [0.00 0.00 0.00 0.00 0.00 0.00 0.00]
 [0.00 0.00 0.00 0.00 0.00 0.00 0.00]
 [0.00 0.00 0.00 0.00 0.00 0.00 0.00]
 [0.00 0.00 0.00 0.00 0.00 0.00 0.00]
 [0.00 0.00 0.00 0.00 0.00 0.00 0.00]
 [0.00 0.00 0.00 0.00 0.00 0.00 0.00]
 [0.00 0.00 0.00 0.00 0.00 0.00 0.00]
 [0.00 0.00 0.00 0.00 0.00 0.00 0.00]]
Average time of solving maze is 